0
0
0
0.000243162
0.000938609
0.00226413
0.00436743
0.00736763
0.011357
0.0164029
0.0225497
0.0298211
0.0382221
0.0477411
0.0583525
0.0700179
0.0826954
0.0963437
0.110922
0.126392
0.142714
0.159851
0.177767
0.196426
0.215796
0.23568
0.255909
0.276333
0.296822
0.317266
0.337568
0.357646
0.377432
0.396867
0.415902
0.434498
0.452624
0.470253
0.487366
0.503951
0.520159
0.536124
0.551964
0.567779
0.583656
0.59967
0.615885
0.632354
0.649123
0.666229
0.683702
0.701404
0.719215
0.737032
0.754601
0.771707
0.788166
0.803984
0.819172
0.833742
0.847706
0.861079
0.873846
0.885978
0.897446
0.908222
0.918285
0.927619
0.936218
0.944082
0.95122
0.957649
0.963399
0.968502
0.972997
0.97692
0.980307
0.983193
0.985614
0.987603
0.989195
0.990424
0.991323
0.991924
0.992261
0.992363
0.992261
0.991985
0.991563
0.991021
0.990386
0.98968
0.988925
0.988143
0.98735
0.986565
0.985801
0.985073
0.98439
0.983763
0.9832
0.982707
0.982289
0.98195
0.981692
0.981518
0.981427
0.981419
0.981491
0.981643
0.98187
0.982169
0.982536
0.982964
0.983449
0.983983
0.984563
0.98518
0.985829
0.986504
0.987198
0.987907
0.988624
0.989345
0.990063
0.990776
0.991479
0.992167
0.992837
0.993486
0.994111
0.99471
0.99528
0.995821
0.996329
0.996805
0.997247
0.997656
0.99803
0.998371
0.998678
0.998952
0.999194
0.999405
0.999587
0.99974
0.999866
0.999967
1.00004
1.0001
1.00014
1.00015
1.00016
1.00014
1.00012
1.00008
1.00004
0.999984
0.999926
0.999864
0.999799
0.999732
0.999664
0.999598
0.999533
0.99947
0.999411
0.999356
0.999305
0.999259
0.999219
0.999184
0.999154
0.999131
0.999113
0.999101
0.999095
0.999094
0.999098
0.999107
0.999121
0.999139
0.999161
0.999187
0.999215
0.999247
0.999281
0.999317
0.999354
0.999393
0.999432
0.999472
0.999512
0.999551
0.999591
0.999629
0.999667
0.999703
0.999738
0.999771
0.999802
0.999832
0.99986
0.999885
0.999909
0.999931
0.99995
0.999967
0.999983
0.999996
1.00001
1.00002
1.00003
1.00003
1.00004
1.00004
1.00004
1.00004
1.00004
1.00004
1.00004
1.00003
1.00003
1.00003
1.00002
1.00002
1.00001
1.00001
1
0.999996
0.999991
0.999986
0.999981
0.999977
0.999972
0.999968
0.999965
0.999961
0.999959
0.999956
0.999954
0.999953
0.999951
0.99995
0.99995
0.99995
0.99995
0.999951
0.999952
0.999953
0.999954
0.999956
0.999957
0.999959
0.999961
0.999964
0.999966
0.999968
0.999971
0.999973
0.999975
0.999978
0.99998
0.999982
0.999985
0.999987
0.999989
0.999991
0.999992
0.999994
0.999996
0.999997
0.999998
0.999999
1
1
1
1
1
1
1
1
1
1
1
1
1
1
1
1
1
1
1
1
1
1
1
1
1
0.999999
0.999999
0.999999
0.999999
0.999998
0.999998
0.999998
0.999998
0.999997
0.999997
0.999997
0.999997
0.999997
0.999997
0.999997
0.999997
0.999997
0.999997
0.999997
0.999997
0.999998
0.999998
0.999998
0.999998
0.999998
0.999998
0.999998
0.999998
0.999999
0.999999
0.999999
0.999999
0.999999
0.999999
0.999999
1
1
1
1
1
1
1
1
1
1
1
1
1
1
1
1
1
1
1
1
1
1
1
1
1
1
1
1
1
1
1
1
1
1
1
1
1
1
1
1
1
1
1
1
1
1
1
1
1
1
1
1
1
1
1
1
1
1
1
1
1
1
1
1
1
1
1
1
1
1
1
1
1
1
1
1
1
1
1
1
1
1
1
1
1
1
1
1
1
1
1
1
1
1
1
1
1
1
1
1
1
1
1
1
1
1
1
1
1
1
1
1
1
1
1
1
1
1
1
1
1
1
1
1
1
1
1
1
1
1
1
1
1
1
1
1
1
1
1
1
1
1
1
1
1
1
1
1
1
1
1
1
1
1
1
1
1
1
1
1
1
1
1
1
1
1
